experiment_number,num_students,num_schools,capacities,capacities_generated,num_capacities,num_repeats_profiles,num_repeat_sampler,epsilon,num_manipulations,algorithm,k,probabilities,utilities,average_utility,average_percentage_manipulators,average_percentage_unassigned_students,average_number_manipulations
1.0,20,7,[1 1 3 7 5 1 2],True,5,10,100,0.02,6,boston,7,"[[0.047 0.055 0.144 0.348 0.262 0.054 0.09  0.   ]
 [0.058 0.049 0.142 0.352 0.238 0.054 0.107 0.   ]
 [0.06  0.04  0.15  0.358 0.242 0.045 0.105 0.   ]
 [0.071 0.036 0.15  0.379 0.232 0.047 0.085 0.   ]
 [0.044 0.05  0.168 0.339 0.262 0.04  0.097 0.   ]
 [0.049 0.048 0.175 0.334 0.259 0.051 0.084 0.   ]
 [0.043 0.043 0.146 0.352 0.255 0.049 0.112 0.   ]
 [0.036 0.05  0.151 0.373 0.236 0.049 0.105 0.   ]
 [0.063 0.054 0.15  0.321 0.267 0.054 0.091 0.   ]
 [0.042 0.048 0.146 0.353 0.267 0.056 0.088 0.   ]
 [0.05  0.054 0.167 0.337 0.24  0.049 0.103 0.   ]
 [0.037 0.054 0.156 0.336 0.238 0.052 0.127 0.   ]
 [0.048 0.042 0.154 0.36  0.249 0.052 0.095 0.   ]
 [0.044 0.063 0.136 0.382 0.227 0.052 0.096 0.   ]
 [0.055 0.05  0.15  0.359 0.258 0.042 0.086 0.   ]
 [0.047 0.054 0.147 0.341 0.268 0.045 0.098 0.   ]
 [0.054 0.04  0.139 0.356 0.252 0.053 0.106 0.   ]
 [0.048 0.061 0.133 0.332 0.26  0.052 0.114 0.   ]
 [0.056 0.055 0.141 0.347 0.245 0.067 0.089 0.   ]
 [0.048 0.054 0.155 0.341 0.243 0.037 0.122 0.   ]]","[0.12479952 0.13120448 0.13787505 0.13274092 0.13824294 0.13633555
 0.13106397 0.13998126 0.13389787 0.12776795 0.12870792 0.13066011
 0.1286438  0.13806637 0.14518769 0.13698324 0.12626166 0.13405725
 0.13584672 0.12802529]",0.1333174782082141,0.0,0.0,0.0
1.0,20,7,[1 1 3 7 5 1 2],True,5,10,100,0.02,6,gs,1,"[[0.058 0.109 0.251 0.087 0.    0.    0.    0.495]
 [0.074 0.038 0.08  0.431 0.    0.    0.    0.377]
 [0.043 0.    0.136 0.516 0.    0.    0.    0.305]
 [0.051 0.108 0.226 0.185 0.1   0.    0.    0.33 ]
 [0.016 0.044 0.214 0.431 0.    0.    0.    0.295]
 [0.047 0.047 0.063 0.455 0.1   0.    0.    0.288]
 [0.024 0.083 0.123 0.262 0.2   0.    0.    0.308]
 [0.049 0.045 0.056 0.542 0.    0.    0.    0.308]
 [0.044 0.106 0.075 0.436 0.    0.    0.    0.339]
 [0.067 0.041 0.    0.483 0.    0.    0.    0.409]
 [0.063 0.056 0.305 0.181 0.    0.    0.    0.395]
 [0.084 0.035 0.065 0.255 0.1   0.    0.    0.461]
 [0.    0.126 0.212 0.26  0.1   0.    0.    0.302]
 [0.05  0.    0.271 0.338 0.    0.    0.    0.341]
 [0.    0.    0.    0.781 0.1   0.    0.    0.119]
 [0.045 0.038 0.221 0.265 0.1   0.    0.    0.331]
 [0.066 0.    0.295 0.163 0.    0.    0.    0.476]
 [0.057 0.097 0.    0.425 0.    0.    0.    0.421]
 [0.059 0.    0.141 0.413 0.    0.    0.    0.387]
 [0.103 0.027 0.266 0.091 0.    0.    0.    0.513]]","[0.11746168 0.11428425 0.11042332 0.13049647 0.13878748 0.12402381
 0.12588601 0.13515373 0.12925722 0.10689694 0.12505616 0.10498373
 0.12865324 0.11964822 0.14148752 0.12489446 0.10669436 0.11584282
 0.11381783 0.10527492]",0.12095120928972751,77.0,36.0,38.3
1.0,20,7,[1 1 3 7 5 1 2],True,5,10,100,0.02,6,gs,2,"[[0.07  0.105 0.235 0.23  0.068 0.    0.    0.292]
 [0.062 0.038 0.146 0.378 0.163 0.044 0.    0.169]
 [0.    0.    0.132 0.531 0.208 0.048 0.    0.081]
 [0.079 0.017 0.209 0.207 0.24  0.062 0.    0.186]
 [0.017 0.049 0.177 0.425 0.165 0.    0.    0.167]
 [0.032 0.052 0.138 0.393 0.194 0.    0.    0.191]
 [0.015 0.053 0.155 0.388 0.206 0.    0.    0.183]
 [0.082 0.029 0.194 0.345 0.189 0.    0.    0.161]
 [0.092 0.055 0.03  0.402 0.16  0.107 0.    0.154]
 [0.115 0.05  0.084 0.24  0.291 0.    0.    0.22 ]
 [0.031 0.062 0.183 0.341 0.203 0.    0.    0.18 ]
 [0.078 0.079 0.136 0.31  0.217 0.    0.    0.18 ]
 [0.016 0.078 0.18  0.302 0.152 0.04  0.    0.232]
 [0.    0.    0.193 0.47  0.215 0.001 0.    0.121]
 [0.    0.047 0.047 0.461 0.371 0.    0.    0.074]
 [0.013 0.032 0.218 0.374 0.216 0.041 0.    0.106]
 [0.066 0.052 0.147 0.213 0.279 0.084 0.    0.159]
 [0.076 0.045 0.136 0.363 0.162 0.    0.    0.218]
 [0.047 0.054 0.153 0.376 0.167 0.    0.    0.203]
 [0.109 0.103 0.107 0.251 0.077 0.078 0.    0.275]]","[0.14454283 0.14168194 0.13379644 0.1260109  0.14665199 0.1346774
 0.1312123  0.1549314  0.14256701 0.13777737 0.1417695  0.14763376
 0.12432255 0.13466439 0.14219072 0.14696153 0.13866824 0.13606674
 0.14015463 0.13805473]",0.1392168182546296,88.5,17.759999999999998,45.3
1.0,20,7,[1 1 3 7 5 1 2],True,5,10,100,0.02,6,gs,3,"[[0.07  0.111 0.193 0.257 0.124 0.057 0.025 0.163]
 [0.027 0.059 0.138 0.364 0.3   0.007 0.02  0.085]
 [0.047 0.008 0.063 0.387 0.381 0.031 0.009 0.074]
 [0.091 0.064 0.136 0.315 0.261 0.01  0.003 0.12 ]
 [0.019 0.045 0.166 0.383 0.197 0.072 0.018 0.1  ]
 [0.077 0.073 0.148 0.296 0.216 0.076 0.008 0.106]
 [0.039 0.037 0.107 0.358 0.355 0.023 0.006 0.075]
 [0.049 0.039 0.17  0.39  0.156 0.    0.06  0.136]
 [0.039 0.028 0.121 0.398 0.182 0.114 0.018 0.1  ]
 [0.107 0.07  0.136 0.302 0.252 0.005 0.006 0.122]
 [0.035 0.118 0.25  0.297 0.063 0.056 0.005 0.176]
 [0.057 0.044 0.135 0.309 0.345 0.017 0.018 0.075]
 [0.03  0.06  0.117 0.31  0.346 0.026 0.018 0.093]
 [0.05  0.013 0.127 0.414 0.316 0.    0.005 0.075]
 [0.028 0.01  0.203 0.409 0.243 0.006 0.    0.101]
 [0.053 0.036 0.197 0.381 0.189 0.    0.053 0.091]
 [0.04  0.058 0.131 0.278 0.285 0.094 0.012 0.102]
 [0.03  0.02  0.14  0.412 0.293 0.006 0.016 0.083]
 [0.055 0.053 0.161 0.374 0.181 0.013 0.054 0.109]
 [0.057 0.054 0.161 0.366 0.216 0.016 0.003 0.127]]","[0.14499614 0.1392344  0.1324422  0.14259727 0.14438076 0.14656615
 0.14043074 0.14786238 0.13406607 0.14554067 0.14469331 0.14443904
 0.13035048 0.13688149 0.14197301 0.14956201 0.13791626 0.13614274
 0.14410392 0.13593158]",0.14100553123492277,86.0,10.565,42.3
1.0,20,7,[1 1 3 7 5 1 2],True,5,10,100,0.02,6,gs,4,"[[0.042 0.028 0.11  0.354 0.293 0.052 0.023 0.098]
 [0.062 0.025 0.141 0.352 0.29  0.043 0.015 0.072]
 [0.068 0.045 0.136 0.356 0.249 0.036 0.017 0.093]
 [0.054 0.044 0.126 0.302 0.318 0.064 0.036 0.056]
 [0.039 0.061 0.172 0.335 0.25  0.045 0.019 0.079]
 [0.058 0.078 0.166 0.356 0.175 0.058 0.033 0.076]
 [0.023 0.039 0.129 0.367 0.306 0.044 0.009 0.083]
 [0.058 0.078 0.208 0.326 0.198 0.011 0.006 0.115]
 [0.028 0.019 0.093 0.368 0.348 0.064 0.032 0.048]
 [0.057 0.039 0.146 0.368 0.26  0.053 0.006 0.071]
 [0.107 0.053 0.129 0.345 0.137 0.101 0.062 0.066]
 [0.028 0.051 0.124 0.352 0.294 0.047 0.027 0.077]
 [0.013 0.022 0.128 0.408 0.254 0.084 0.04  0.051]
 [0.055 0.053 0.176 0.352 0.233 0.025 0.016 0.09 ]
 [0.046 0.044 0.208 0.35  0.232 0.    0.013 0.107]
 [0.053 0.092 0.223 0.305 0.188 0.005 0.014 0.12 ]
 [0.    0.004 0.091 0.419 0.334 0.087 0.029 0.036]
 [0.107 0.079 0.134 0.323 0.215 0.034 0.028 0.08 ]
 [0.042 0.059 0.161 0.353 0.233 0.042 0.015 0.095]
 [0.06  0.087 0.199 0.309 0.191 0.037 0.021 0.096]]","[0.12024274 0.13117326 0.138203   0.12736337 0.14031998 0.14625372
 0.12906411 0.14386072 0.12141893 0.13371311 0.13419544 0.13676686
 0.11844612 0.14183004 0.14337196 0.14339961 0.11329674 0.14876271
 0.13605852 0.14343031]",0.13455856177206,76.0,8.044999999999998,30.8
1.0,20,7,[1 1 3 7 5 1 2],True,5,10,100,0.02,6,gs,5,"[[0.016 0.018 0.092 0.377 0.29  0.09  0.093 0.024]
 [0.027 0.038 0.119 0.383 0.261 0.065 0.057 0.05 ]
 [0.045 0.066 0.178 0.357 0.227 0.036 0.011 0.08 ]
 [0.06  0.044 0.127 0.362 0.257 0.056 0.063 0.031]
 [0.048 0.07  0.162 0.351 0.229 0.053 0.046 0.041]
 [0.04  0.05  0.144 0.344 0.267 0.057 0.042 0.056]
 [0.072 0.05  0.139 0.351 0.241 0.038 0.064 0.045]
 [0.085 0.094 0.216 0.304 0.191 0.014 0.016 0.08 ]
 [0.028 0.036 0.125 0.369 0.273 0.064 0.056 0.049]
 [0.054 0.058 0.173 0.346 0.228 0.038 0.034 0.069]
 [0.034 0.027 0.16  0.345 0.272 0.052 0.054 0.056]
 [0.055 0.045 0.132 0.362 0.241 0.053 0.063 0.049]
 [0.026 0.022 0.123 0.374 0.28  0.067 0.062 0.046]
 [0.071 0.059 0.172 0.336 0.228 0.038 0.021 0.075]
 [0.071 0.077 0.216 0.326 0.214 0.018 0.    0.078]
 [0.083 0.063 0.185 0.313 0.217 0.044 0.027 0.068]
 [0.025 0.024 0.133 0.359 0.28  0.065 0.08  0.034]
 [0.087 0.084 0.171 0.325 0.201 0.042 0.036 0.054]
 [0.049 0.048 0.124 0.347 0.298 0.039 0.048 0.047]
 [0.024 0.027 0.109 0.369 0.305 0.067 0.085 0.014]]","[0.10684402 0.12132643 0.13946777 0.12947543 0.13982654 0.13152134
 0.13527524 0.15079811 0.12388445 0.12890448 0.11949763 0.12716645
 0.11542185 0.1408196  0.15297527 0.1431999  0.11551915 0.14425197
 0.13230149 0.11685572]",0.13076664164050392,65.5,5.2299999999999995,21.2
1.0,20,7,[1 1 3 7 5 1 2],True,5,10,100,0.02,6,gs,6,"[[0.015 0.024 0.094 0.397 0.278 0.069 0.119 0.004]
 [0.014 0.045 0.106 0.402 0.268 0.047 0.101 0.017]
 [0.053 0.062 0.184 0.33  0.245 0.04  0.051 0.035]
 [0.054 0.05  0.131 0.353 0.251 0.061 0.068 0.032]
 [0.056 0.052 0.164 0.321 0.264 0.049 0.065 0.029]
 [0.024 0.045 0.119 0.355 0.285 0.047 0.095 0.03 ]
 [0.029 0.046 0.16  0.354 0.266 0.046 0.069 0.03 ]
 [0.088 0.077 0.212 0.304 0.179 0.05  0.029 0.061]
 [0.055 0.034 0.114 0.367 0.265 0.054 0.086 0.025]
 [0.057 0.061 0.146 0.354 0.237 0.044 0.064 0.037]
 [0.042 0.049 0.156 0.349 0.266 0.044 0.07  0.024]
 [0.069 0.048 0.153 0.346 0.235 0.051 0.066 0.032]
 [0.033 0.024 0.12  0.37  0.295 0.056 0.087 0.015]
 [0.053 0.063 0.186 0.318 0.239 0.041 0.061 0.039]
 [0.097 0.068 0.161 0.333 0.202 0.054 0.038 0.047]
 [0.077 0.072 0.171 0.33  0.214 0.053 0.049 0.034]
 [0.039 0.021 0.12  0.377 0.282 0.052 0.085 0.024]
 [0.048 0.06  0.191 0.347 0.226 0.046 0.044 0.038]
 [0.066 0.07  0.198 0.305 0.217 0.05  0.054 0.04 ]
 [0.031 0.029 0.114 0.388 0.286 0.046 0.097 0.009]]","[0.10847765 0.12208391 0.14011437 0.12592606 0.13734167 0.12712569
 0.13040028 0.14656358 0.12721327 0.12703517 0.12523214 0.13212842
 0.11781362 0.13954757 0.14854886 0.14253135 0.11544277 0.13813671
 0.13877409 0.12006231]",0.13052497448248374,58.5,3.01,11.7
1.0,20,7,[1 1 3 7 5 1 2],True,5,10,100,0.02,6,gs,7,"[[0.03  0.06  0.133 0.377 0.252 0.055 0.093 0.   ]
 [0.04  0.051 0.157 0.358 0.251 0.046 0.097 0.   ]
 [0.057 0.049 0.146 0.344 0.243 0.047 0.114 0.   ]
 [0.053 0.049 0.157 0.335 0.255 0.047 0.104 0.   ]
 [0.051 0.047 0.169 0.346 0.221 0.053 0.113 0.   ]
 [0.057 0.05  0.14  0.35  0.252 0.055 0.096 0.   ]
 [0.048 0.055 0.16  0.324 0.256 0.049 0.108 0.   ]
 [0.065 0.048 0.164 0.346 0.245 0.051 0.081 0.   ]
 [0.051 0.043 0.159 0.365 0.243 0.047 0.092 0.   ]
 [0.049 0.046 0.135 0.36  0.254 0.045 0.111 0.   ]
 [0.05  0.052 0.162 0.371 0.234 0.043 0.088 0.   ]
 [0.041 0.047 0.153 0.349 0.247 0.065 0.098 0.   ]
 [0.05  0.056 0.139 0.341 0.275 0.049 0.09  0.   ]
 [0.054 0.057 0.15  0.364 0.25  0.041 0.084 0.   ]
 [0.061 0.048 0.155 0.334 0.247 0.052 0.103 0.   ]
 [0.037 0.048 0.159 0.376 0.229 0.049 0.102 0.   ]
 [0.051 0.05  0.115 0.349 0.272 0.053 0.11  0.   ]
 [0.055 0.047 0.128 0.35  0.263 0.052 0.105 0.   ]
 [0.053 0.055 0.163 0.328 0.266 0.04  0.095 0.   ]
 [0.047 0.042 0.156 0.333 0.245 0.061 0.116 0.   ]]","[0.12297785 0.13189548 0.13644785 0.12998362 0.13764464 0.13436121
 0.13487967 0.14487273 0.1328514  0.1262766  0.13294976 0.13254235
 0.12839395 0.14186459 0.14355707 0.13783316 0.12374919 0.13471877
 0.13533319 0.12482384]",0.1333978461505824,0.0,0.0,0.0
1.0,20,7,[1 3 3 2 1 1 9],True,5,10,100,0.02,6,boston,7,"[[0.052 0.173 0.14  0.112 0.064 0.044 0.415 0.   ]
 [0.048 0.139 0.17  0.104 0.056 0.035 0.448 0.   ]
 [0.06  0.124 0.151 0.091 0.045 0.065 0.464 0.   ]
 [0.051 0.144 0.163 0.095 0.052 0.041 0.454 0.   ]
 [0.054 0.133 0.154 0.112 0.062 0.041 0.444 0.   ]
 [0.058 0.165 0.136 0.096 0.044 0.044 0.457 0.   ]
 [0.042 0.16  0.165 0.096 0.044 0.055 0.438 0.   ]
 [0.039 0.171 0.151 0.095 0.049 0.047 0.448 0.   ]
 [0.038 0.146 0.128 0.099 0.063 0.062 0.464 0.   ]
 [0.056 0.138 0.132 0.113 0.049 0.059 0.453 0.   ]
 [0.045 0.17  0.151 0.083 0.052 0.049 0.45  0.   ]
 [0.059 0.142 0.155 0.092 0.052 0.054 0.446 0.   ]
 [0.06  0.149 0.138 0.091 0.042 0.036 0.484 0.   ]
 [0.043 0.161 0.161 0.109 0.055 0.054 0.417 0.   ]
 [0.045 0.146 0.151 0.1   0.046 0.047 0.465 0.   ]
 [0.064 0.156 0.146 0.104 0.038 0.055 0.437 0.   ]
 [0.056 0.136 0.171 0.089 0.041 0.059 0.448 0.   ]
 [0.044 0.149 0.152 0.089 0.048 0.048 0.47  0.   ]
 [0.044 0.152 0.14  0.121 0.041 0.056 0.446 0.   ]
 [0.042 0.146 0.145 0.109 0.057 0.049 0.452 0.   ]]","[0.1201258  0.10404327 0.10598687 0.11228677 0.10691598 0.11266273
 0.11086483 0.11189537 0.10380299 0.10897317 0.10717896 0.11056237
 0.11234682 0.11470139 0.10537868 0.11150521 0.10799764 0.10633985
 0.11235781 0.10595015]",0.10959383222313543,0.0,0.0,0.0
1.0,20,7,[1 3 3 2 1 1 9],True,5,10,100,0.02,6,gs,1,"[[0.    0.226 0.128 0.174 0.    0.    0.    0.472]
 [0.112 0.113 0.11  0.    0.    0.    0.    0.665]
 [0.05  0.042 0.292 0.2   0.    0.    0.    0.416]
 [0.038 0.106 0.2   0.162 0.    0.    0.    0.494]
 [0.067 0.155 0.117 0.    0.1   0.    0.    0.561]
 [0.021 0.146 0.106 0.241 0.    0.    0.    0.486]
 [0.055 0.165 0.174 0.06  0.    0.    0.    0.546]
 [0.041 0.112 0.154 0.1   0.1   0.    0.    0.493]
 [0.076 0.074 0.121 0.2   0.1   0.    0.    0.429]
 [0.051 0.074 0.289 0.    0.1   0.    0.    0.486]
 [0.109 0.115 0.162 0.075 0.    0.    0.    0.539]
 [0.    0.317 0.    0.125 0.    0.    0.    0.558]
 [0.07  0.174 0.176 0.    0.    0.    0.    0.58 ]
 [0.047 0.032 0.234 0.2   0.1   0.    0.    0.387]
 [0.07  0.269 0.052 0.    0.    0.    0.    0.609]
 [0.045 0.124 0.145 0.067 0.1   0.    0.    0.519]
 [0.012 0.196 0.234 0.    0.    0.    0.    0.558]
 [0.053 0.192 0.124 0.1   0.    0.    0.    0.531]
 [0.035 0.163 0.182 0.133 0.    0.    0.    0.487]
 [0.048 0.205 0.    0.163 0.1   0.    0.    0.484]]","[0.11687283 0.09065231 0.11389577 0.09970546 0.09701533 0.09926748
 0.10062253 0.09783849 0.10636731 0.10101193 0.11456798 0.09550274
 0.10897091 0.1130289  0.09477735 0.09355099 0.09601314 0.10556202
 0.11182283 0.09822522]",0.10276357563426781,79.5,51.5,28.0
1.0,20,7,[1 3 3 2 1 1 9],True,5,10,100,0.02,6,gs,2,"[[0.081 0.183 0.133 0.033 0.086 0.    0.    0.484]
 [0.116 0.244 0.103 0.03  0.    0.    0.    0.507]
 [0.023 0.117 0.167 0.144 0.041 0.    0.    0.508]
 [0.06  0.146 0.11  0.136 0.082 0.    0.    0.466]
 [0.069 0.195 0.137 0.074 0.078 0.    0.    0.447]
 [0.    0.076 0.172 0.136 0.15  0.042 0.    0.424]
 [0.064 0.166 0.141 0.088 0.    0.    0.    0.541]
 [0.042 0.098 0.142 0.101 0.15  0.053 0.    0.414]
 [0.028 0.111 0.153 0.099 0.053 0.043 0.036 0.477]
 [0.053 0.161 0.169 0.09  0.017 0.    0.    0.51 ]
 [0.087 0.188 0.142 0.066 0.    0.    0.    0.517]
 [0.023 0.138 0.166 0.101 0.029 0.    0.    0.543]
 [0.093 0.212 0.113 0.073 0.    0.038 0.    0.471]
 [0.011 0.084 0.182 0.157 0.086 0.    0.    0.48 ]
 [0.078 0.221 0.099 0.053 0.    0.048 0.    0.501]
 [0.022 0.09  0.161 0.18  0.018 0.036 0.    0.493]
 [0.036 0.117 0.203 0.13  0.    0.    0.    0.514]
 [0.049 0.204 0.194 0.03  0.034 0.    0.    0.489]
 [0.034 0.121 0.153 0.155 0.    0.045 0.    0.492]
 [0.031 0.128 0.16  0.124 0.032 0.042 0.    0.483]]","[0.11950729 0.12186026 0.09232823 0.10868226 0.11452802 0.09768037
 0.10041114 0.09923047 0.09096096 0.09959152 0.11401795 0.0931827
 0.12509215 0.08949122 0.10737999 0.0885915  0.09811676 0.10913949
 0.09884227 0.09255266]",0.10305936147714508,71.0,48.80499999999999,25.7
1.0,20,7,[1 3 3 2 1 1 9],True,5,10,100,0.02,6,gs,3,"[[0.072 0.168 0.128 0.08  0.038 0.036 0.102 0.376]
 [0.095 0.232 0.19  0.05  0.019 0.    0.    0.414]
 [0.027 0.111 0.144 0.094 0.05  0.134 0.077 0.363]
 [0.055 0.144 0.153 0.095 0.071 0.038 0.    0.444]
 [0.072 0.155 0.149 0.059 0.083 0.061 0.053 0.368]
 [0.015 0.093 0.156 0.155 0.07  0.033 0.    0.478]
 [0.045 0.182 0.184 0.118 0.018 0.    0.    0.453]
 [0.032 0.119 0.118 0.103 0.058 0.095 0.117 0.358]
 [0.051 0.115 0.104 0.091 0.061 0.141 0.008 0.429]
 [0.037 0.108 0.13  0.102 0.084 0.059 0.046 0.434]
 [0.089 0.26  0.17  0.061 0.019 0.    0.    0.401]
 [0.04  0.159 0.138 0.084 0.02  0.086 0.073 0.4  ]
 [0.113 0.228 0.168 0.046 0.    0.062 0.002 0.381]
 [0.015 0.084 0.126 0.157 0.086 0.063 0.002 0.467]
 [0.076 0.181 0.168 0.078 0.041 0.032 0.    0.424]
 [0.047 0.13  0.143 0.119 0.065 0.021 0.    0.475]
 [0.03  0.152 0.173 0.143 0.029 0.    0.    0.473]
 [0.068 0.211 0.166 0.067 0.018 0.    0.051 0.419]
 [0.021 0.1   0.155 0.178 0.08  0.    0.    0.466]
 [0.    0.068 0.137 0.12  0.09  0.109 0.006 0.47 ]]","[0.12120534 0.13366533 0.1044461  0.11022935 0.11369532 0.09184443
 0.10859036 0.09708009 0.09349693 0.09758989 0.13339107 0.10612301
 0.13035366 0.08495904 0.1166067  0.09715146 0.10207187 0.11491961
 0.09700359 0.07657557]",0.10654993560422452,65.5,42.465,24.1
1.0,20,7,[1 3 3 2 1 1 9],True,5,10,100,0.02,6,gs,4,"[[0.073 0.168 0.141 0.087 0.039 0.02  0.217 0.255]
 [0.075 0.205 0.176 0.094 0.036 0.012 0.078 0.324]
 [0.043 0.119 0.134 0.095 0.05  0.119 0.166 0.274]
 [0.073 0.182 0.169 0.1   0.05  0.011 0.13  0.285]
 [0.084 0.17  0.135 0.104 0.044 0.031 0.143 0.289]
 [0.027 0.107 0.141 0.098 0.076 0.043 0.269 0.239]
 [0.013 0.165 0.178 0.098 0.074 0.    0.    0.472]
 [0.029 0.094 0.126 0.086 0.046 0.095 0.265 0.259]
 [0.01  0.107 0.124 0.112 0.081 0.068 0.188 0.31 ]
 [0.037 0.173 0.179 0.114 0.056 0.013 0.064 0.364]
 [0.045 0.194 0.154 0.117 0.05  0.035 0.064 0.341]
 [0.087 0.192 0.159 0.094 0.01  0.05  0.188 0.22 ]
 [0.087 0.172 0.133 0.101 0.016 0.072 0.257 0.162]
 [0.019 0.061 0.103 0.104 0.054 0.112 0.205 0.342]
 [0.073 0.17  0.16  0.092 0.04  0.046 0.202 0.217]
 [0.047 0.137 0.135 0.115 0.054 0.079 0.115 0.318]
 [0.059 0.163 0.164 0.111 0.049 0.025 0.076 0.353]
 [0.045 0.159 0.169 0.093 0.051 0.034 0.133 0.316]
 [0.057 0.138 0.179 0.09  0.054 0.058 0.075 0.349]
 [0.017 0.124 0.141 0.095 0.07  0.077 0.128 0.348]]","[0.12820157 0.12520773 0.11071095 0.12602426 0.11848868 0.10739559
 0.09607213 0.09675233 0.09181315 0.11139861 0.11256423 0.13224744
 0.12531949 0.08913321 0.12415287 0.10292899 0.11405688 0.10859477
 0.11357902 0.09143548]",0.11130386873831948,65.0,30.185000000000002,23.8
1.0,20,7,[1 3 3 2 1 1 9],True,5,10,100,0.02,6,gs,5,"[[0.065 0.134 0.153 0.111 0.051 0.053 0.236 0.197]
 [0.089 0.211 0.172 0.09  0.051 0.02  0.185 0.182]
 [0.024 0.145 0.136 0.108 0.05  0.073 0.253 0.211]
 [0.071 0.181 0.163 0.084 0.038 0.034 0.273 0.156]
 [0.07  0.13  0.141 0.093 0.045 0.033 0.32  0.168]
 [0.043 0.118 0.172 0.076 0.051 0.051 0.315 0.174]
 [0.057 0.17  0.177 0.116 0.055 0.021 0.166 0.238]
 [0.038 0.107 0.14  0.099 0.057 0.062 0.351 0.146]
 [0.024 0.094 0.142 0.103 0.055 0.076 0.371 0.135]
 [0.052 0.179 0.15  0.109 0.044 0.045 0.227 0.194]
 [0.047 0.19  0.163 0.106 0.058 0.013 0.227 0.196]
 [0.075 0.197 0.145 0.104 0.06  0.045 0.19  0.184]
 [0.065 0.154 0.142 0.098 0.044 0.049 0.302 0.146]
 [0.008 0.087 0.117 0.116 0.042 0.08  0.393 0.157]
 [0.093 0.185 0.138 0.085 0.04  0.047 0.202 0.21 ]
 [0.037 0.132 0.131 0.115 0.041 0.071 0.26  0.213]
 [0.063 0.201 0.169 0.098 0.038 0.049 0.052 0.33 ]
 [0.024 0.143 0.159 0.089 0.055 0.075 0.184 0.271]
 [0.026 0.135 0.147 0.106 0.059 0.052 0.334 0.141]
 [0.029 0.107 0.143 0.094 0.066 0.051 0.352 0.158]]","[0.12624867 0.12856899 0.11130229 0.12767088 0.10979018 0.11366564
 0.11697687 0.10795474 0.09935565 0.12080534 0.11825205 0.13331481
 0.11391308 0.09434719 0.12632488 0.10020829 0.12171495 0.10059075
 0.11085195 0.09601072]",0.11389339589833662,60.5,19.035000000000004,20.7
1.0,20,7,[1 3 3 2 1 1 9],True,5,10,100,0.02,6,gs,6,"[[0.076 0.178 0.128 0.088 0.049 0.052 0.278 0.151]
 [0.076 0.203 0.141 0.116 0.053 0.038 0.166 0.207]
 [0.047 0.152 0.144 0.091 0.035 0.048 0.371 0.112]
 [0.054 0.151 0.145 0.112 0.054 0.052 0.26  0.172]
 [0.053 0.157 0.172 0.101 0.057 0.045 0.27  0.145]
 [0.043 0.157 0.157 0.109 0.046 0.048 0.341 0.099]
 [0.054 0.16  0.173 0.098 0.045 0.046 0.276 0.148]
 [0.031 0.117 0.12  0.092 0.045 0.063 0.415 0.117]
 [0.04  0.111 0.135 0.096 0.059 0.06  0.404 0.095]
 [0.028 0.15  0.149 0.113 0.058 0.043 0.366 0.093]
 [0.053 0.147 0.141 0.093 0.054 0.043 0.305 0.164]
 [0.052 0.158 0.165 0.097 0.044 0.06  0.231 0.193]
 [0.03  0.11  0.14  0.089 0.056 0.056 0.463 0.056]
 [0.026 0.117 0.155 0.083 0.057 0.058 0.473 0.031]
 [0.092 0.167 0.16  0.097 0.055 0.046 0.177 0.206]
 [0.054 0.188 0.176 0.093 0.039 0.04  0.266 0.144]
 [0.058 0.165 0.156 0.11  0.044 0.057 0.217 0.193]
 [0.069 0.162 0.163 0.116 0.049 0.041 0.248 0.152]
 [0.035 0.129 0.136 0.098 0.051 0.056 0.402 0.093]
 [0.029 0.121 0.144 0.108 0.05  0.048 0.438 0.062]]","[0.12769361 0.12131638 0.11016652 0.1171875  0.11481704 0.12013929
 0.11491822 0.10024425 0.1009751  0.11154012 0.10671448 0.11706543
 0.10285509 0.10231494 0.12369409 0.11873742 0.11685874 0.12005632
 0.10639181 0.09879476]",0.1126240544228037,57.00000000000001,13.164999999999997,11.4
1.0,20,7,[1 3 3 2 1 1 9],True,5,10,100,0.02,6,gs,7,"[[0.049 0.16  0.152 0.107 0.051 0.039 0.442 0.   ]
 [0.057 0.161 0.131 0.111 0.048 0.046 0.446 0.   ]
 [0.034 0.139 0.159 0.117 0.053 0.045 0.453 0.   ]
 [0.048 0.169 0.138 0.076 0.048 0.062 0.459 0.   ]
 [0.046 0.169 0.153 0.112 0.049 0.046 0.425 0.   ]
 [0.045 0.143 0.137 0.096 0.04  0.059 0.48  0.   ]
 [0.058 0.145 0.159 0.101 0.06  0.05  0.427 0.   ]
 [0.033 0.149 0.136 0.097 0.046 0.049 0.49  0.   ]
 [0.054 0.141 0.137 0.1   0.056 0.055 0.457 0.   ]
 [0.045 0.148 0.136 0.115 0.043 0.046 0.467 0.   ]
 [0.048 0.155 0.172 0.095 0.046 0.04  0.444 0.   ]
 [0.049 0.157 0.155 0.1   0.05  0.044 0.445 0.   ]
 [0.049 0.148 0.164 0.086 0.057 0.06  0.436 0.   ]
 [0.049 0.135 0.144 0.083 0.062 0.053 0.474 0.   ]
 [0.056 0.15  0.16  0.083 0.037 0.061 0.453 0.   ]
 [0.055 0.137 0.138 0.102 0.043 0.052 0.473 0.   ]
 [0.045 0.147 0.157 0.11  0.053 0.06  0.428 0.   ]
 [0.056 0.162 0.153 0.106 0.047 0.045 0.431 0.   ]
 [0.068 0.146 0.176 0.091 0.063 0.04  0.416 0.   ]
 [0.056 0.139 0.143 0.112 0.048 0.048 0.454 0.   ]]","[0.11755256 0.10544775 0.10877774 0.11096001 0.11042693 0.10817922
 0.1130893  0.10607992 0.10974046 0.10890662 0.11046489 0.11109392
 0.11274039 0.10858763 0.10605845 0.10366212 0.10915855 0.11485881
 0.11839415 0.10785664]",0.11010180400134033,0.0,0.0,0.0
1.0,20,7,[3 4 4 2 1 5 1],True,5,10,100,0.02,6,boston,7,"[[0.146 0.233 0.182 0.106 0.042 0.241 0.05  0.   ]
 [0.147 0.208 0.177 0.1   0.051 0.265 0.052 0.   ]
 [0.151 0.187 0.218 0.093 0.053 0.242 0.056 0.   ]
 [0.147 0.212 0.197 0.104 0.05  0.253 0.037 0.   ]
 [0.147 0.195 0.194 0.094 0.042 0.279 0.049 0.   ]
 [0.133 0.223 0.208 0.095 0.045 0.241 0.055 0.   ]
 [0.172 0.202 0.203 0.098 0.055 0.211 0.059 0.   ]
 [0.16  0.189 0.201 0.089 0.051 0.266 0.044 0.   ]
 [0.136 0.185 0.213 0.111 0.052 0.248 0.055 0.   ]
 [0.166 0.197 0.197 0.086 0.046 0.263 0.045 0.   ]
 [0.137 0.193 0.196 0.105 0.051 0.269 0.049 0.   ]
 [0.167 0.191 0.206 0.11  0.056 0.223 0.047 0.   ]
 [0.162 0.227 0.195 0.103 0.044 0.229 0.04  0.   ]
 [0.144 0.176 0.191 0.105 0.063 0.261 0.06  0.   ]
 [0.149 0.192 0.218 0.09  0.047 0.253 0.051 0.   ]
 [0.145 0.227 0.209 0.092 0.045 0.242 0.04  0.   ]
 [0.149 0.2   0.189 0.101 0.049 0.261 0.051 0.   ]
 [0.161 0.175 0.2   0.102 0.043 0.263 0.056 0.   ]
 [0.136 0.179 0.186 0.12  0.068 0.255 0.056 0.   ]
 [0.145 0.209 0.22  0.096 0.047 0.235 0.048 0.   ]]","[0.158348   0.156391   0.15577365 0.15680425 0.15285371 0.15855463
 0.16129934 0.15743443 0.15196285 0.15691356 0.15734021 0.16059723
 0.15933943 0.14958274 0.15625714 0.15934879 0.15491302 0.15507313
 0.15054641 0.15492808]",0.15621307951364635,0.0,0.0,0.0
1.0,20,7,[3 4 4 2 1 5 1],True,5,10,100,0.02,6,gs,1,"[[0.127 0.214 0.336 0.    0.    0.    0.    0.323]
 [0.04  0.205 0.388 0.1   0.    0.    0.    0.267]
 [0.181 0.118 0.313 0.    0.    0.    0.    0.388]
 [0.31  0.126 0.081 0.    0.    0.    0.    0.483]
 [0.116 0.171 0.243 0.1   0.    0.    0.    0.37 ]
 [0.182 0.241 0.082 0.1   0.    0.    0.    0.395]
 [0.144 0.201 0.322 0.    0.    0.    0.    0.333]
 [0.182 0.23  0.156 0.    0.    0.    0.    0.432]
 [0.087 0.134 0.163 0.4   0.    0.    0.    0.216]
 [0.    0.389 0.241 0.1   0.    0.    0.    0.27 ]
 [0.204 0.181 0.157 0.1   0.    0.    0.    0.358]
 [0.23  0.17  0.    0.2   0.    0.    0.    0.4  ]
 [0.128 0.26  0.167 0.1   0.    0.    0.    0.345]
 [0.124 0.247 0.077 0.2   0.    0.    0.    0.352]
 [0.09  0.234 0.157 0.2   0.    0.    0.    0.319]
 [0.14  0.186 0.309 0.    0.    0.    0.    0.365]
 [0.097 0.181 0.414 0.    0.    0.    0.    0.308]
 [0.167 0.184 0.075 0.2   0.    0.    0.    0.374]
 [0.234 0.134 0.159 0.1   0.    0.    0.    0.373]
 [0.217 0.194 0.16  0.    0.    0.    0.    0.429]]","[0.15568046 0.15574965 0.14280213 0.13130489 0.13944494 0.14326608
 0.16146646 0.14610184 0.15193758 0.15114046 0.1596577  0.13832573
 0.14504776 0.14367437 0.14332614 0.14319033 0.14826596 0.13635172
 0.14830458 0.14214342]",0.1463591101855802,66.5,35.5,22.1
1.0,20,7,[3 4 4 2 1 5 1],True,5,10,100,0.02,6,gs,2,"[[0.129 0.297 0.26  0.032 0.    0.    0.    0.282]
 [0.143 0.142 0.241 0.165 0.    0.045 0.    0.264]
 [0.159 0.24  0.203 0.03  0.069 0.    0.    0.299]
 [0.164 0.186 0.186 0.069 0.057 0.062 0.    0.276]
 [0.155 0.172 0.171 0.142 0.    0.057 0.    0.303]
 [0.241 0.224 0.145 0.082 0.    0.051 0.    0.257]
 [0.144 0.221 0.229 0.085 0.    0.    0.    0.321]
 [0.172 0.211 0.176 0.115 0.045 0.    0.    0.281]
 [0.094 0.154 0.222 0.163 0.095 0.048 0.    0.224]
 [0.089 0.165 0.245 0.103 0.    0.11  0.    0.288]
 [0.163 0.21  0.187 0.079 0.    0.051 0.    0.31 ]
 [0.117 0.173 0.154 0.152 0.142 0.    0.    0.262]
 [0.221 0.219 0.144 0.108 0.    0.051 0.    0.257]
 [0.132 0.235 0.222 0.054 0.025 0.072 0.    0.26 ]
 [0.036 0.15  0.277 0.134 0.047 0.067 0.    0.289]
 [0.128 0.166 0.235 0.054 0.043 0.062 0.    0.312]
 [0.117 0.182 0.268 0.127 0.    0.    0.    0.306]
 [0.229 0.261 0.134 0.056 0.    0.061 0.    0.259]
 [0.228 0.171 0.102 0.153 0.043 0.051 0.    0.252]
 [0.139 0.221 0.199 0.097 0.    0.    0.    0.344]]","[0.16460611 0.15892287 0.15723517 0.14689886 0.14867527 0.17450295
 0.15972872 0.16260649 0.15228554 0.13552424 0.15641853 0.15025191
 0.16222737 0.15737783 0.13442009 0.14393523 0.14506967 0.16517051
 0.1624426  0.14453783]",0.15414188974199328,65.0,28.229999999999997,23.5
1.0,20,7,[3 4 4 2 1 5 1],True,5,10,100,0.02,6,gs,3,"[[0.097 0.257 0.226 0.131 0.    0.045 0.    0.244]
 [0.117 0.206 0.243 0.123 0.    0.102 0.    0.209]
 [0.235 0.217 0.229 0.047 0.049 0.034 0.    0.189]
 [0.059 0.15  0.234 0.119 0.055 0.22  0.    0.163]
 [0.117 0.203 0.146 0.139 0.104 0.12  0.    0.171]
 [0.201 0.232 0.185 0.076 0.067 0.035 0.    0.204]
 [0.226 0.202 0.19  0.087 0.022 0.094 0.    0.179]
 [0.231 0.276 0.148 0.064 0.037 0.037 0.    0.207]
 [0.147 0.14  0.192 0.129 0.048 0.177 0.    0.167]
 [0.071 0.161 0.26  0.15  0.023 0.142 0.    0.193]
 [0.275 0.215 0.159 0.062 0.036 0.1   0.    0.153]
 [0.17  0.208 0.17  0.083 0.114 0.104 0.    0.151]
 [0.145 0.147 0.202 0.065 0.054 0.229 0.    0.158]
 [0.148 0.234 0.221 0.084 0.029 0.094 0.    0.19 ]
 [0.07  0.183 0.236 0.118 0.06  0.146 0.    0.187]
 [0.124 0.148 0.206 0.133 0.102 0.096 0.    0.191]
 [0.078 0.239 0.214 0.129 0.047 0.044 0.    0.249]
 [0.183 0.185 0.158 0.076 0.036 0.189 0.    0.173]
 [0.194 0.213 0.154 0.085 0.089 0.115 0.    0.15 ]
 [0.112 0.184 0.227 0.1   0.    0.18  0.    0.197]]","[0.15475801 0.15898173 0.17841791 0.1385624  0.1565499  0.1736058
 0.17976921 0.17902965 0.15573915 0.14398685 0.18777401 0.1693871
 0.14988786 0.16675853 0.14756673 0.15217112 0.14644408 0.1628479
 0.17279861 0.14682359]",0.16109300718757336,59.00000000000001,18.625,23.1
1.0,20,7,[3 4 4 2 1 5 1],True,5,10,100,0.02,6,gs,4,"[[0.145 0.204 0.229 0.097 0.063 0.145 0.    0.117]
 [0.151 0.211 0.215 0.104 0.033 0.216 0.    0.07 ]
 [0.261 0.249 0.192 0.076 0.01  0.1   0.001 0.111]
 [0.068 0.179 0.187 0.116 0.073 0.287 0.005 0.085]
 [0.07  0.202 0.193 0.117 0.073 0.242 0.004 0.099]
 [0.19  0.209 0.159 0.095 0.051 0.159 0.001 0.136]
 [0.202 0.228 0.205 0.095 0.014 0.149 0.001 0.106]
 [0.236 0.213 0.175 0.078 0.037 0.143 0.    0.118]
 [0.135 0.228 0.241 0.085 0.052 0.16  0.    0.099]
 [0.072 0.165 0.249 0.129 0.058 0.238 0.    0.089]
 [0.192 0.211 0.189 0.071 0.054 0.168 0.    0.115]
 [0.062 0.122 0.225 0.132 0.083 0.296 0.005 0.075]
 [0.137 0.17  0.174 0.134 0.087 0.217 0.    0.081]
 [0.19  0.232 0.155 0.081 0.074 0.162 0.001 0.105]
 [0.139 0.145 0.17  0.085 0.059 0.293 0.002 0.107]
 [0.104 0.216 0.213 0.107 0.083 0.129 0.    0.148]
 [0.107 0.262 0.22  0.1   0.013 0.223 0.    0.075]
 [0.23  0.213 0.193 0.091 0.026 0.138 0.001 0.108]
 [0.197 0.174 0.204 0.084 0.042 0.206 0.005 0.088]
 [0.112 0.167 0.212 0.123 0.013 0.318 0.002 0.053]]","[0.1688508  0.17320913 0.18916299 0.14501994 0.15010594 0.16759462
 0.18219668 0.18456527 0.16774415 0.1495645  0.17361964 0.14811264
 0.15977707 0.17838969 0.15272195 0.15690251 0.16402729 0.18091896
 0.17751875 0.15780118]",0.16639018485399823,57.49999999999999,9.924999999999999,24.7
1.0,20,7,[3 4 4 2 1 5 1],True,5,10,100,0.02,6,gs,5,"[[0.169 0.231 0.204 0.091 0.042 0.167 0.009 0.087]
 [0.118 0.233 0.242 0.103 0.027 0.215 0.005 0.057]
 [0.21  0.219 0.175 0.098 0.042 0.178 0.004 0.074]
 [0.177 0.161 0.176 0.105 0.054 0.256 0.011 0.06 ]
 [0.116 0.175 0.22  0.117 0.043 0.297 0.013 0.019]
 [0.217 0.202 0.177 0.086 0.045 0.18  0.008 0.085]
 [0.264 0.217 0.164 0.077 0.043 0.131 0.006 0.098]
 [0.222 0.273 0.195 0.064 0.037 0.11  0.001 0.098]
 [0.128 0.193 0.19  0.121 0.042 0.268 0.012 0.046]
 [0.064 0.173 0.24  0.114 0.076 0.274 0.019 0.04 ]
 [0.171 0.232 0.2   0.085 0.044 0.191 0.006 0.071]
 [0.126 0.222 0.218 0.094 0.043 0.264 0.01  0.023]
 [0.091 0.202 0.203 0.112 0.064 0.292 0.012 0.024]
 [0.136 0.197 0.206 0.103 0.064 0.223 0.003 0.068]
 [0.11  0.134 0.232 0.125 0.063 0.291 0.006 0.039]
 [0.113 0.15  0.184 0.117 0.065 0.328 0.005 0.038]
 [0.091 0.205 0.19  0.111 0.065 0.279 0.005 0.054]
 [0.172 0.227 0.18  0.087 0.053 0.222 0.007 0.052]
 [0.199 0.199 0.168 0.08  0.041 0.226 0.006 0.081]
 [0.106 0.155 0.236 0.11  0.047 0.295 0.015 0.036]]","[0.17019141 0.17192621 0.17614128 0.15878933 0.15669237 0.17831974
 0.18891821 0.18427666 0.16215419 0.15098997 0.17764509 0.17032111
 0.15395289 0.16764483 0.15709118 0.15228881 0.15403892 0.17285467
 0.17503309 0.15629516]",0.16677825570338783,64.0,5.749999999999999,19.1
1.0,20,7,[3 4 4 2 1 5 1],True,5,10,100,0.02,6,gs,6,"[[0.092 0.166 0.222 0.122 0.048 0.284 0.051 0.015]
 [0.155 0.189 0.209 0.095 0.058 0.245 0.03  0.019]
 [0.116 0.201 0.189 0.106 0.048 0.276 0.051 0.013]
 [0.166 0.215 0.209 0.08  0.044 0.24  0.029 0.017]
 [0.155 0.218 0.205 0.091 0.061 0.226 0.027 0.017]
 [0.149 0.231 0.193 0.093 0.062 0.227 0.028 0.017]
 [0.218 0.199 0.193 0.086 0.042 0.219 0.019 0.024]
 [0.225 0.222 0.186 0.081 0.042 0.208 0.011 0.025]
 [0.136 0.215 0.191 0.102 0.042 0.265 0.036 0.013]
 [0.087 0.169 0.23  0.115 0.049 0.285 0.05  0.015]
 [0.186 0.207 0.192 0.088 0.05  0.236 0.023 0.018]
 [0.151 0.189 0.174 0.112 0.056 0.26  0.039 0.019]
 [0.111 0.177 0.228 0.11  0.066 0.264 0.026 0.018]
 [0.156 0.201 0.204 0.105 0.053 0.236 0.025 0.02 ]
 [0.151 0.204 0.182 0.097 0.044 0.262 0.045 0.015]
 [0.186 0.214 0.195 0.114 0.036 0.212 0.026 0.017]
 [0.183 0.194 0.179 0.089 0.049 0.244 0.036 0.026]
 [0.132 0.188 0.214 0.101 0.048 0.274 0.027 0.016]
 [0.166 0.224 0.169 0.09  0.047 0.261 0.027 0.016]
 [0.079 0.177 0.236 0.123 0.055 0.276 0.041 0.013]]","[0.14883855 0.1690948  0.15216841 0.15941613 0.16470705 0.16683142
 0.17918574 0.18068765 0.16015384 0.14855896 0.17310897 0.16288096
 0.15428253 0.16553638 0.15894022 0.1700462  0.16317324 0.15912315
 0.1668505  0.15013712]",0.1626860911576234,48.0,1.765,9.6
1.0,20,7,[3 4 4 2 1 5 1],True,5,10,100,0.02,6,gs,7,"[[0.144 0.19  0.213 0.101 0.047 0.251 0.054 0.   ]
 [0.167 0.19  0.189 0.11  0.051 0.249 0.044 0.   ]
 [0.165 0.196 0.199 0.093 0.053 0.254 0.04  0.   ]
 [0.158 0.207 0.189 0.082 0.049 0.259 0.056 0.   ]
 [0.136 0.213 0.199 0.092 0.052 0.255 0.053 0.   ]
 [0.156 0.192 0.216 0.1   0.051 0.233 0.052 0.   ]
 [0.156 0.212 0.193 0.088 0.055 0.254 0.042 0.   ]
 [0.171 0.202 0.19  0.108 0.039 0.239 0.051 0.   ]
 [0.156 0.239 0.16  0.081 0.052 0.259 0.053 0.   ]
 [0.156 0.18  0.204 0.121 0.04  0.246 0.053 0.   ]
 [0.15  0.162 0.229 0.101 0.042 0.268 0.048 0.   ]
 [0.144 0.196 0.187 0.114 0.054 0.265 0.04  0.   ]
 [0.139 0.199 0.202 0.113 0.045 0.255 0.047 0.   ]
 [0.162 0.194 0.192 0.104 0.058 0.234 0.056 0.   ]
 [0.159 0.204 0.2   0.089 0.05  0.253 0.045 0.   ]
 [0.127 0.216 0.204 0.108 0.052 0.237 0.056 0.   ]
 [0.139 0.202 0.217 0.091 0.066 0.237 0.048 0.   ]
 [0.141 0.185 0.22  0.101 0.044 0.25  0.059 0.   ]
 [0.124 0.198 0.2   0.104 0.057 0.268 0.049 0.   ]
 [0.15  0.223 0.197 0.099 0.043 0.234 0.054 0.   ]]","[0.154331   0.15957827 0.15914344 0.15528086 0.1533092  0.15739676
 0.15779807 0.16039251 0.15459742 0.15485959 0.15824914 0.15496932
 0.15290943 0.15634845 0.15754808 0.152655   0.15765908 0.15326598
 0.15301175 0.15853584]",0.15609195934383344,0.0,0.0,0.0
1.0,20,7,[5 2 3 5 1 3 1],True,5,10,100,0.02,6,boston,7,"[[0.238 0.086 0.179 0.256 0.05  0.149 0.042 0.   ]
 [0.248 0.082 0.151 0.259 0.061 0.143 0.056 0.   ]
 [0.235 0.099 0.156 0.265 0.06  0.139 0.046 0.   ]
 [0.257 0.105 0.134 0.268 0.034 0.143 0.059 0.   ]
 [0.25  0.114 0.148 0.234 0.053 0.159 0.042 0.   ]
 [0.271 0.12  0.14  0.237 0.05  0.145 0.037 0.   ]
 [0.262 0.103 0.151 0.209 0.042 0.176 0.057 0.   ]
 [0.241 0.095 0.16  0.242 0.045 0.159 0.058 0.   ]
 [0.254 0.097 0.133 0.25  0.043 0.168 0.055 0.   ]
 [0.257 0.107 0.147 0.244 0.049 0.145 0.051 0.   ]
 [0.246 0.107 0.162 0.252 0.039 0.141 0.053 0.   ]
 [0.23  0.106 0.148 0.245 0.064 0.157 0.05  0.   ]
 [0.267 0.088 0.159 0.238 0.054 0.145 0.049 0.   ]
 [0.255 0.089 0.128 0.266 0.053 0.158 0.051 0.   ]
 [0.233 0.093 0.158 0.267 0.043 0.151 0.055 0.   ]
 [0.255 0.105 0.141 0.246 0.054 0.161 0.038 0.   ]
 [0.261 0.09  0.158 0.266 0.058 0.124 0.043 0.   ]
 [0.248 0.106 0.142 0.255 0.038 0.153 0.058 0.   ]
 [0.258 0.111 0.142 0.25  0.054 0.139 0.046 0.   ]
 [0.234 0.097 0.163 0.251 0.056 0.145 0.054 0.   ]]","[0.16336573 0.17174661 0.16733428 0.16371766 0.17287158 0.17372719
 0.16739889 0.16252417 0.16386333 0.16806544 0.16595678 0.16221784
 0.16811467 0.16289024 0.16691923 0.16370993 0.16687664 0.16501518
 0.16694882 0.16415488]",0.16637095521385398,0.0,0.0,0.0
1.0,20,7,[5 2 3 5 1 3 1],True,5,10,100,0.02,6,gs,1,"[[0.116 0.197 0.3   0.1   0.    0.    0.    0.287]
 [0.321 0.063 0.1   0.    0.    0.    0.    0.516]
 [0.403 0.    0.    0.    0.    0.    0.    0.597]
 [0.16  0.203 0.2   0.1   0.    0.    0.    0.337]
 [0.345 0.    0.1   0.1   0.    0.    0.    0.455]
 [0.313 0.07  0.1   0.1   0.    0.    0.    0.417]
 [0.169 0.123 0.1   0.3   0.    0.    0.    0.308]
 [0.309 0.    0.2   0.1   0.    0.    0.    0.391]
 [0.212 0.18  0.2   0.    0.    0.    0.    0.408]
 [0.329 0.15  0.    0.    0.    0.    0.    0.521]
 [0.218 0.071 0.3   0.1   0.    0.    0.    0.311]
 [0.283 0.134 0.    0.1   0.    0.    0.    0.483]
 [0.286 0.137 0.1   0.    0.    0.    0.    0.477]
 [0.282 0.067 0.1   0.1   0.    0.    0.    0.451]
 [0.307 0.    0.1   0.2   0.    0.    0.    0.393]
 [0.207 0.    0.4   0.1   0.    0.    0.    0.293]
 [0.187 0.259 0.    0.1   0.    0.    0.    0.454]
 [0.212 0.065 0.4   0.    0.    0.    0.    0.323]
 [0.16  0.142 0.1   0.3   0.    0.    0.    0.298]
 [0.181 0.139 0.2   0.2   0.    0.    0.    0.28 ]]","[0.15304457 0.12710558 0.11073936 0.14571321 0.14308112 0.14226952
 0.14791241 0.13858403 0.142696   0.12614806 0.14740774 0.12189254
 0.13756049 0.12969356 0.14783479 0.14417814 0.1261436  0.15547593
 0.14432594 0.15526714]",0.13935368585055072,40.0,40.0,15.0
1.0,20,7,[5 2 3 5 1 3 1],True,5,10,100,0.02,6,gs,2,"[[0.153 0.087 0.272 0.245 0.    0.    0.    0.243]
 [0.256 0.09  0.227 0.157 0.    0.    0.    0.27 ]
 [0.374 0.06  0.152 0.144 0.    0.    0.    0.27 ]
 [0.205 0.086 0.149 0.267 0.053 0.057 0.    0.183]
 [0.338 0.157 0.059 0.174 0.    0.    0.    0.272]
 [0.31  0.103 0.074 0.25  0.    0.019 0.    0.244]
 [0.204 0.122 0.11  0.359 0.015 0.    0.    0.19 ]
 [0.258 0.063 0.167 0.319 0.017 0.    0.    0.176]
 [0.289 0.137 0.065 0.183 0.021 0.058 0.    0.247]
 [0.335 0.148 0.114 0.092 0.    0.    0.    0.311]
 [0.264 0.078 0.216 0.207 0.    0.054 0.    0.181]
 [0.286 0.068 0.136 0.276 0.011 0.    0.    0.223]
 [0.229 0.163 0.211 0.146 0.    0.    0.    0.251]
 [0.257 0.104 0.117 0.238 0.008 0.058 0.    0.218]
 [0.291 0.111 0.086 0.249 0.008 0.057 0.    0.198]
 [0.197 0.09  0.178 0.322 0.    0.    0.    0.213]
 [0.29  0.08  0.055 0.302 0.012 0.062 0.    0.199]
 [0.162 0.131 0.215 0.23  0.015 0.    0.    0.247]
 [0.176 0.037 0.141 0.433 0.014 0.016 0.    0.183]
 [0.126 0.085 0.256 0.305 0.    0.    0.    0.228]]","[0.15268703 0.1705599  0.17461327 0.16026949 0.18307991 0.17109998
 0.16377206 0.17079987 0.16235017 0.16010793 0.16564976 0.16444181
 0.17471316 0.16222917 0.19061067 0.15492813 0.15674364 0.16172199
 0.16071594 0.1498664 ]",0.1655480148320077,71.0,22.735,26.6
1.0,20,7,[5 2 3 5 1 3 1],True,5,10,100,0.02,6,gs,3,"[[0.21  0.091 0.2   0.231 0.082 0.051 0.    0.135]
 [0.215 0.153 0.177 0.238 0.    0.072 0.    0.145]
 [0.333 0.14  0.135 0.189 0.    0.05  0.    0.153]
 [0.242 0.101 0.159 0.201 0.071 0.079 0.    0.147]
 [0.333 0.099 0.135 0.202 0.018 0.054 0.    0.159]
 [0.295 0.089 0.141 0.221 0.039 0.092 0.    0.123]
 [0.281 0.017 0.121 0.304 0.058 0.142 0.    0.077]
 [0.336 0.088 0.089 0.268 0.    0.131 0.    0.088]
 [0.251 0.134 0.178 0.213 0.    0.117 0.    0.107]
 [0.41  0.096 0.109 0.131 0.014 0.124 0.001 0.115]
 [0.202 0.091 0.171 0.278 0.079 0.034 0.    0.145]
 [0.247 0.06  0.118 0.302 0.074 0.084 0.    0.115]
 [0.304 0.141 0.132 0.185 0.028 0.03  0.044 0.136]
 [0.331 0.072 0.085 0.249 0.053 0.063 0.056 0.091]
 [0.195 0.134 0.138 0.249 0.052 0.087 0.    0.145]
 [0.187 0.059 0.183 0.333 0.065 0.07  0.    0.103]
 [0.169 0.126 0.174 0.296 0.019 0.052 0.034 0.13 ]
 [0.164 0.133 0.151 0.286 0.037 0.069 0.031 0.129]
 [0.17  0.067 0.202 0.329 0.051 0.044 0.    0.137]
 [0.125 0.109 0.202 0.295 0.081 0.073 0.    0.115]]","[0.16646591 0.18112798 0.18468615 0.17000774 0.19403995 0.18675317
 0.17522417 0.18473182 0.18072786 0.18768702 0.15789633 0.17216752
 0.18946861 0.17985485 0.17857942 0.16726224 0.16005012 0.17223625
 0.16331276 0.16051533]",0.17563975972625284,71.0,12.475,30.4
1.0,20,7,[5 2 3 5 1 3 1],True,5,10,100,0.02,6,gs,4,"[[0.21  0.067 0.15  0.31  0.03  0.185 0.006 0.042]
 [0.272 0.112 0.17  0.256 0.04  0.052 0.001 0.097]
 [0.29  0.124 0.146 0.24  0.03  0.051 0.005 0.114]
 [0.149 0.165 0.17  0.202 0.101 0.124 0.003 0.086]
 [0.272 0.127 0.155 0.21  0.058 0.085 0.003 0.09 ]
 [0.281 0.096 0.143 0.23  0.042 0.127 0.004 0.077]
 [0.211 0.076 0.128 0.26  0.072 0.218 0.004 0.031]
 [0.362 0.065 0.127 0.249 0.03  0.087 0.003 0.077]
 [0.248 0.093 0.143 0.224 0.045 0.178 0.005 0.064]
 [0.277 0.136 0.162 0.239 0.028 0.056 0.002 0.1  ]
 [0.26  0.129 0.164 0.212 0.055 0.055 0.002 0.123]
 [0.207 0.116 0.183 0.277 0.031 0.116 0.002 0.068]
 [0.329 0.124 0.131 0.167 0.06  0.097 0.003 0.089]
 [0.232 0.092 0.133 0.239 0.046 0.179 0.004 0.075]
 [0.25  0.058 0.137 0.293 0.067 0.139 0.004 0.052]
 [0.157 0.046 0.157 0.306 0.076 0.177 0.006 0.075]
 [0.253 0.089 0.138 0.279 0.03  0.139 0.006 0.066]
 [0.22  0.127 0.18  0.253 0.049 0.085 0.005 0.081]
 [0.249 0.067 0.165 0.292 0.061 0.074 0.    0.092]
 [0.271 0.091 0.118 0.262 0.049 0.11  0.004 0.095]]","[0.16653304 0.18992558 0.18010321 0.16161126 0.19226257 0.18643241
 0.1730984  0.18234342 0.16931759 0.17776881 0.16792263 0.17646058
 0.19097933 0.17030648 0.18541676 0.1530613  0.16978201 0.17355413
 0.16674471 0.16596828]",0.17497962469150632,62.0,7.969999999999999,25.1
1.0,20,7,[5 2 3 5 1 3 1],True,5,10,100,0.02,6,gs,5,"[[0.198 0.101 0.181 0.267 0.06  0.137 0.013 0.043]
 [0.286 0.146 0.165 0.211 0.036 0.077 0.002 0.077]
 [0.404 0.13  0.146 0.166 0.037 0.058 0.001 0.058]
 [0.083 0.114 0.195 0.305 0.052 0.2   0.019 0.032]
 [0.327 0.117 0.153 0.207 0.045 0.061 0.007 0.083]
 [0.278 0.083 0.158 0.256 0.043 0.114 0.017 0.051]
 [0.192 0.055 0.158 0.285 0.071 0.183 0.029 0.027]
 [0.193 0.085 0.177 0.283 0.053 0.161 0.009 0.039]
 [0.285 0.105 0.13  0.225 0.045 0.142 0.02  0.048]
 [0.333 0.08  0.11  0.233 0.045 0.133 0.025 0.041]
 [0.15  0.092 0.144 0.332 0.069 0.175 0.015 0.023]
 [0.216 0.156 0.169 0.239 0.043 0.122 0.005 0.05 ]
 [0.363 0.097 0.14  0.193 0.037 0.111 0.005 0.054]
 [0.276 0.05  0.111 0.267 0.055 0.195 0.02  0.026]
